1.006955550056718884e+00 2.672890000000000000e+05
1.078480431694451624e+00 2.332890000000000000e+05
1.155085784553584238e+00 2.034010000000000000e+05
1.237132478687172688e+00 1.772410000000000000e+05
1.325007017045207514e+00 1.544490000000000000e+05
1.419123356200382435e+00 1.346890000000000000e+05
1.519924856401515756e+00 1.173060000000000000e+05
1.627886370140869232e+00 1.024000000000000000e+05
1.743516479074124437e+00 8.910200000000000000e+04
1.867359889830626285e+00 7.784100000000000000e+04
